0 10102
1 13574
2 13162
3 8724
4 5804
5 11470
6 14522
7 627
8 18671
9 13777
10 11907
11 6662
12 5764
13 5222
14 14784
15 18359
16 10750
17 8427
18 19106
19 19806
20 15858
21 4606
22 6260
23 3044
24 9134
25 12919
26 865
27 3483
28 16308
29 17289
30 19590
31 3145
32 17384
33 6969
34 8006
35 1363
36 2254
37 1002
38 18286
39 6344
40 8712
41 19189
42 3996
43 14468
44 2734
45 596
46 19797
47 14731
48 14159
49 6724
50 11922
51 17286
52 2153
53 15993
54 4749
55 6190
56 2668
57 16139
58 14838
59 8571
60 4149
61 18879
62 11660
63 12898
64 1345
65 11841
66 153
67 10330
68 13359
69 9263
70 18072
71 11233
72 630
73 12376
74 1066
75 4296
76 601
77 6122
78 14368
79 4048
80 8897
81 10856
82 10393
83 2007
84 12858
85 15934
86 2077
87 18361
88 14547
89 12381
90 1466
91 13226
92 2869
93 1003
94 13610
95 1307
96 13412
97 17175
98 17064
99 1842
100 4277
101 4856
102 5207
103 18185
104 12184
105 9093
106 13724
107 730
108 6374
109 15009
110 4128
111 4585
112 11179
113 13398
114 14111
115 72
116 16418
117 19122
118 12799
119 6641
120 3526
121 4154
122 6867
123 4762
124 12617
125 4595
126 7561
127 891
128 1825
129 17577
130 11729
131 3089
132 4560
133 11663
134 6025
135 4223
136 11789
137 2354
138 14519
139 15546
140 12781
141 17618
142 18449
143 18650
144 13140
145 5585
146 6424
147 6830
148 15001
149 19456
150 12827
151 4411
152 5962
153 2563
154 6552
155 4183
156 11775
157 14335
158 10906
159 16806
160 8593
161 17182
162 4992
163 1800
164 8394
165 5806
166 12582
167 15945
168 2960
169 3440
170 15024
171 3809
172 15564
173 4169
174 9862
175 18219
176 1113
177 15743
178 5449
179 1099
180 2069
181 14223
182 1847
183 1808
184 9674
185 12878
186 18915
187 16882
188 12473
189 6682
190 18775
191 14084
192 3694
193 7864
194 12
195 2799
196 1004
197 14278
198 12085
199 1163
200 7927
201 19929
202 9738
203 4488
204 17699
205 1353
206 19541
207 11632
208 19451
209 5072
210 9508
211 16416
212 19141
213 5440
214 3666
215 8692
216 16734
217 17533
218 965
219 5085
220 19806
221 13245
222 6227
223 15018
224 14617
225 14319
226 16017
227 1000
228 11882
229 4423
230 996
231 12809
232 16646
233 12780
234 2747
235 6315
236 19028
237 18496
238 4993
239 13491
240 18687
241 19684
242 12608
243 4143
244 3198
245 19418
246 14075
247 6159
248 15874
249 12775
250 14444
251 11752
252 14363
253 6805
254 2835
255 862
256 14948
257 14460
258 18019
259 15200
260 6024
261 8947
262 14077
263 6176
264 13648
265 11964
266 2739
267 6251
268 1298
269 7704
270 14175
271 12566
272 7576
273 8283
274 14062
275 4810
276 1635
277 19225
278 9955
279 12573
280 9481
281 5684
282 4990
283 2016
284 6261
285 12331
286 9450
287 3482
288 9107
289 8526
290 5079
291 17480
292 4686
293 6951
294 17991
295 11692
296 19120
297 11150
298 7411
299 9042
300 13191
301 4724
302 5336
303 17606
304 14189
305 9002
306 11585
307 11384
308 2408
309 8609
310 17108
311 10156
312 1943
313 8349
314 6199
315 11343
316 19351
317 2856
318 8190
319 18688
320 9182
321 428
322 4546
323 14302
324 13104
325 1068
326 5699
327 7425
328 2859
329 16578
330 6497
331 14328
332 9849
333 16579
334 6243
335 585
336 15684
337 14233
338 3201
339 3153
340 1036
341 3288
342 12407
343 18898
344 17709
345 9350
346 7391
347 19565
348 15104
349 6590
350 2670
351 15053
352 15477
353 16961
354 10764
355 18311
356 3913
357 5254
358 1339
359 7838
360 939
361 2618
362 8638
363 14202
364 10564
365 13430
366 7174
367 2620
368 17072
369 2167
370 12873
371 6456
372 750
373 18062
374 14073
375 15035
376 19666
377 5116
378 16016
379 2973
380 3084
381 7434
382 10437
383 1668
384 16948
385 12109
386 6526
387 7579
388 14377
389 9111
390 3265
391 12807
392 8299
393 3981
394 6713
395 17447
396 19125
397 4106
398 4634
399 5790
400 2283
401 16484
402 7535
403 15950
404 3135
405 2418
406 12317
407 13192
408 6699
409 18524
410 16645
411 4212
412 821
413 16449
414 17679
415 11819
416 19309
417 4873
418 9672
419 13053
420 837
421 4312
422 2910
423 14936
424 5525
425 8929
426 13598
427 8107
428 25
429 1940
430 12948
431 14717
432 11166
433 15826
434 13558
435 3872
436 12850
437 18703
438 159
439 7916
440 14315
441 13888
442 11104
443 3224
444 4396
445 688
446 14443
447 12564
448 15421
449 15591
450 9819
451 8106
452 9182
453 14974
454 1135
455 13264
456 6116
457 10589
458 14888
459 12883
460 2156
461 12522
462 7420
463 9170
464 7987
465 472
466 8705
467 10262
468 8744
469 15056
470 12064
471 11448
472 1475
473 12012
474 3237
475 417
476 5749
477 11849
478 3865
479 8505
480 17660
481 17146
482 12472
483 1749
484 1718
485 18167
486 14780
487 760
488 2887
489 8366
490 12263
491 3267
492 11889
493 3610
494 11012
495 11298
496 15051
497 10234
498 17777
499 8730
500 5109
501 19110
502 19217
503 12246
504 14597
505 12500
506 1427
507 1341
508 18531
509 1414
510 9114
511 8975
512 10969
513 352
514 7102
515 19901
516 17230
517 5426
518 8062
519 5978
520 19741
521 9576
522 14727
523 15922
524 13831
525 14105
526 12087
527 12783
528 1983
529 17547
530 991
531 1855
532 2982
533 9788
534 6974
535 10098
536 10527
537 992
538 4572
539 8423
540 8217
541 15579
542 5718
543 15265
544 16911
545 2732
546 18898
547 19641
548 1040
549 3446
550 1438
551 19477
552 13645
553 14211
554 8021
555 11255
556 19205
557 8925
558 14352
559 4235
560 12552
561 5348
562 456
563 3171
564 1001
565 448
566 12669
567 18751
568 10336
569 3532
570 15078
571 1053
572 7812
573 11706
574 11866
575 12752
576 1497
577 3071
578 3817
579 4189
580 4415
581 6713
582 4969
583 6287
584 9650
585 15352
586 10142
587 19974
588 17569
589 12804
590 12161
591 9707
592 5585
593 17193
594 5276
595 851
596 4215
597 11318
598 3554
599 2322
600 3340
601 18702
602 9884
603 8056
604 17367
605 13646
606 14051
607 11821
608 6399
609 4812
610 13183
611 12270
612 12947
613 13862
614 1910
615 3810
616 1642
617 16901
618 15626
619 10743
620 11786
621 16767
622 18658
623 12288
624 15709
625 8830
626 14428
627 10521
628 4921
629 18237
630 4254
631 14700
632 14545
633 13278
634 8151
635 7216
636 19298
637 8188
638 4660
639 8339
640 17931
641 4042
642 10012
643 19591
644 3246
645 2778
646 14324
647 16381
648 13412
649 1335
650 11877
651 9310
652 12549
653 10017
654 13153
655 1591
656 15621
657 15548
658 18458
659 12797
660 17680
661 6103
662 19730
663 8702
664 6389
665 16380
666 16944
667 15643
668 2045
669 18671
670 12431
671 338
672 8621
673 12311
674 9611
675 11807
676 10536
677 11342
678 11416
679 17604
680 15804
681 5977
682 15333
683 15422
684 11198
685 13045
686 1439
687 8676
688 16120
689 17877
690 9072
691 7134
692 10796
693 5116
694 9695
695 2702
696 10305
697 6365
698 16641
699 17615
700 18879
701 12271
702 5924
703 18050
704 19470
705 1058
706 937
707 2851
708 2312
709 11593
710 7289
711 18765
712 15070
713 381
714 1100
715 18013
716 1856
717 13603
718 17702
719 18717
720 17987
721 6387
722 2198
723 16978
724 19571
725 16647
726 5047
727 17150
728 7402
729 15765
730 19463
731 9556
732 9599
733 5764
734 9329
735 15060
736 16358
737 10987
738 11930
739 18315
740 19286
741 5715
742 11158
743 632
744 2382
745 4489
746 17632
747 14947
748 10865
749 11919
750 7663
751 9928
752 10958
753 8508
754 12478
755 14663
756 12241
757 11857
758 18788
759 9689
760 17376
761 9036
762 9458
763 16388
764 14721
765 13169
766 12175
767 19597
768 6232
769 13009
770 7859
771 15057
772 9008
773 18966
774 14482
775 10493
776 16957
777 18932
778 6455
779 17538
780 10706
781 18339
782 17356
783 18827
784 8324
785 16163
786 10665
787 16175
788 14571
789 4223
790 12218
791 11190
792 1084
793 6571
794 10587
795 8497
796 3105
797 5357
798 18999
799 2430
800 1917
801 2305
802 216
803 7495
804 14507
805 6979
806 14807
807 12716
808 15925
809 5682
810 4330
811 17193
812 7391
813 12554
814 1894
815 3880
816 14485
817 19314
818 13976
819 17153
820 3893
821 13032
822 5140
823 19238
824 17239
825 13513
826 8901
827 6235
828 10570
829 15382
830 16933
831 17545
832 13254
833 4191
834 13494
835 16294
836 15073
837 8902
838 5104
839 2464
840 10819
841 17647
842 9878
843 9313
844 17455
845 2951
846 11032
847 453
848 14147
849 1726
850 18119
851 7338
852 14696
853 279
854 18309
855 8518
856 10765
857 15577
858 17873
859 17515
860 19196
861 4932
862 12171
863 6165
864 4558
865 16310
866 18033
867 7054
868 11669
869 12523
870 10407
871 9121
872 4816
873 4661
874 13098
875 1415
876 8946
877 17564
878 2566
879 3377
880 7341
881 4868
882 3341
883 4527
884 12061
885 11107
886 4983
887 18052
888 7587
889 69
890 2685
891 7300
892 11453
893 6935
894 6896
895 19620
896 11690
897 18986
898 13098
899 10449
900 6660
901 530
902 8614
903 6623
904 12377
905 14035
906 14960
907 7228
908 1883
909 19502
910 5816
911 1118
912 11895
913 5391
914 9746
915 6851
916 18808
917 12158
918 8190
919 10828
920 5991
921 9485
922 2063
923 9237
924 7030
925 17215
926 2984
927 2313
928 3520
929 13130
930 6341
931 7140
932 5930
933 8447
934 19230
935 19646
936 13259
937 4788
938 16243
939 17782
940 438
941 1901
942 2349
943 88
944 18632
945 15549
946 19162
947 16785
948 11294
949 14791
950 4814
951 459
952 1684
953 12511
954 5410
955 4150
956 18390
957 3226
958 8811
959 11580
960 16847
961 2846
962 18275
963 1496
964 16670
965 3613
966 17755
967 18624
968 751
969 15655
970 7999
971 3324
972 5188
973 18476
974 1906
975 12533
976 13790
977 14070
978 16377
979 2780
980 3743
981 2717
982 4090
983 6941
984 5118
985 6912
986 4965
987 762
988 10040
989 7278
990 18166
991 19425
992 16447
993 1670
994 5226
995 3935
996 4378
997 9300
998 8562
999 5517
1000 11460
1001 2969
1002 18558
1003 8759
1004 10770
1005 3152
1006 19389
1007 1021
1008 14333
1009 12308
1010 5913
1011 4591
1012 1392
1013 2528
1014 11743
1015 10193
1016 18894
1017 9953
1018 19257
1019 16134
1020 7878
1021 13816
1022 7643
1023 12523
1024 12816
1025 15816
1026 17761
1027 1512
1028 3158
1029 8106
1030 14346
1031 10959
1032 1936
1033 15686
1034 9126
1035 1007
1036 12428
1037 5769
1038 4485
1039 19847
1040 1023
1041 8843
1042 16359
1043 18286
1044 17119
1045 2746
1046 13350
1047 6
1048 8480
1049 15706
1050 5701
1051 18547
1052 14706
1053 13388
1054 19103
1055 1931
1056 5855
1057 1532
1058 19522
1059 10505
1060 13008
1061 3569
1062 19890
1063 8034
1064 5096
1065 4296
1066 1916
1067 13217
1068 19438
1069 5495
1070 6314
1071 19351
1072 7161
1073 212
1074 19224
1075 11685
1076 15479
1077 17306
1078 3965
1079 3021
1080 11120
1081 19034
1082 7177
1083 7292
1084 2703
1085 14334
1086 11146
1087 12066
1088 11581
1089 4879
1090 11977
1091 12356
1092 12312
1093 4868
1094 5354
1095 11951
1096 1095
1097 8122
1098 6056
1099 15407
1100 2541
1101 12113
1102 10201
1103 1683
1104 14511
1105 2492
1106 9205
1107 13163
1108 14481
1109 17960
1110 9312
1111 18856
1112 2782
1113 7719
1114 1835
1115 11390
1116 12626
1117 15664
1118 4769
1119 10936
1120 2876
1121 7517
1122 12777
1123 17445
1124 15688
1125 11297
1126 17205
1127 12786
1128 5114
1129 15035
1130 6774
1131 7233
1132 8935
1133 13565
1134 1355
1135 15842
1136 2338
1137 7966
1138 19318
1139 18326
1140 9891
1141 7410
1142 7416
1143 8223
1144 15695
1145 4173
1146 333
1147 11401
1148 4514
1149 1665
1150 2919
1151 18187
1152 17504
1153 19327
1154 6249
1155 8699
1156 9588
1157 3419
1158 15501
1159 11173
1160 10218
1161 7955
1162 15418
1163 1634
1164 13933
1165 1740
1166 8929
1167 5081
1168 1337
1169 9571
1170 5447
1171 4429
1172 7278
1173 11704
1174 1497
1175 19552
1176 3801
1177 18402
1178 6412
1179 13922
1180 362
1181 14894
1182 4095
1183 2092
1184 2897
1185 16411
1186 1727
1187 9676
1188 17760
1189 18003
1190 4293
1191 16289
1192 9361
1193 7794
1194 350
1195 4474
1196 3563
1197 1808
1198 4576
1199 10484
1200 19579
1201 16008
1202 8978
1203 1965
1204 16430
1205 19626
1206 7545
1207 10965
1208 11796
1209 5276
1210 9174
1211 14578
1212 212
1213 1615
1214 7408
1215 10119
1216 17977
1217 4687
1218 14737
1219 15385
1220 9045
1221 747
1222 1681
1223 19488
1224 7011
1225 13584
1226 6505
1227 5226
1228 1022
1229 14821
1230 321
1231 8969
1232 14193
1233 17012
1234 3899
1235 10829
1236 15934
1237 16428
1238 4771
1239 4270
1240 12159
1241 18274
1242 12933
1243 4010
1244 9240
1245 1472
1246 2694
1247 439
1248 16042
1249 3421
1250 18594
1251 4370
1252 9621
1253 8719
1254 14184
1255 13592
1256 3445
1257 8797
1258 14666
1259 6642
1260 8255
1261 5715
1262 17548
1263 17262
1264 1272
1265 5610
1266 175
1267 6016
1268 14002
1269 6186
1270 13012
1271 5640
1272 72
1273 1366
1274 894
1275 7594
1276 4197
1277 18504
1278 6733
1279 18012
1280 6999
1281 16229
1282 8311
1283 12624
1284 13947
1285 18701
1286 16249
1287 8097
1288 14576
1289 3883
1290 12343
1291 10691
1292 489
1293 6329
1294 6677
1295 5942
1296 11882
1297 8900
1298 3400
1299 14600
1300 2885
1301 8079
1302 9464
1303 13932
1304 19686
1305 8505
1306 19723
1307 19936
1308 2592
1309 15975
1310 15365
1311 16931
1312 3061
1313 3009
1314 6710
1315 8823
1316 977
1317 2540
1318 14119
1319 18435
1320 6392
1321 3535
1322 9168
1323 17351
1324 10876
1325 18536
1326 17312
1327 10516
1328 10460
1329 865
1330 8760
1331 5877
1332 12525
1333 10
1334 1811
1335 539
1336 5292
1337 15367
1338 8984
1339 3260
1340 6308
1341 3933
1342 4457
1343 8134
1344 4518
1345 11747
1346 1498
1347 3351
1348 5241
1349 7663
1350 8851
1351 6861
1352 3663
1353 4665
1354 4629
1355 18955
1356 11849
1357 18874
1358 904
1359 11080
1360 2566
1361 2375
1362 15157
1363 19321
1364 15124
1365 15355
1366 17354
1367 16761
1368 7196
1369 12963
1370 3247
1371 10214
1372 2181
1373 15684
1374 19824
1375 17082
1376 15909
1377 5712
1378 16059
1379 11025
1380 11047
1381 17020
1382 7243
1383 14496
1384 12672
1385 3127
1386 8181
1387 13138
1388 914
1389 12801
1390 8644
1391 7060
1392 16983
1393 12286
1394 18472
1395 12991
1396 11927
1397 9425
1398 3617
1399 1865
1400 13741
1401 19591
1402 12667
1403 10788
1404 12233
1405 9268
1406 12629
1407 14116
1408 12907
1409 10845
1410 12897
1411 7111
1412 458
1413 16064
1414 4167
1415 11369
1416 8495
1417 10586
1418 19550
1419 10784
1420 4730
1421 19721
1422 17732
1423 19177
1424 11730
1425 7002
1426 8812
1427 16580
1428 19310
1429 1213
1430 5985
1431 9650
1432 5445
1433 11762
1434 14710
1435 9577
1436 8850
1437 3218
1438 13280
1439 14273
1440 3420
1441 8314
1442 15259
1443 2369
1444 16730
1445 10253
1446 1217
1447 13333
1448 3295
1449 9854
1450 2423
1451 14356
1452 19928
1453 15763
1454 511
1455 792
1456 13169
1457 16333
1458 11439
1459 11033
1460 18703
1461 6859
1462 12401
1463 5635
1464 9800
1465 15251
1466 8145
1467 19606
1468 19706
1469 14217
1470 13604
1471 13169
1472 19694
1473 7439
1474 11572
1475 15207
1476 11437
1477 105
1478 6645
1479 2472
1480 3651
1481 6549
1482 14606
1483 1401
1484 7445
1485 10782
1486 2339
1487 2867
1488 9430
1489 16325
1490 451
1491 12848
1492 5324
1493 17591
1494 1286
1495 328
1496 2467
1497 10152
1498 3088
1499 15679
1500 6720
1501 2077
1502 12513
1503 5742
1504 16286
1505 8048
1506 18923
1507 2459
1508 8633
1509 18723
1510 13721
1511 15488
1512 16967
1513 2016
1514 5153
1515 8487
1516 15651
1517 2817
1518 12375
1519 6540
1520 6156
1521 17256
1522 11002
1523 10941
1524 7007
1525 18271
1526 8420
1527 13435
1528 10382
1529 9972
1530 10806
1531 11705
1532 15568
1533 16646
1534 16652
1535 16115
1536 14455
1537 1148
1538 10783
1539 11635
1540 13307
1541 16937
1542 1248
1543 5903
1544 2677
1545 8516
1546 12094
1547 9764
1548 7147
1549 3857
1550 18690
1551 11481
1552 16689
1553 15770
1554 8320
1555 18735
1556 5231
1557 844
1558 1359
1559 11014
1560 4277
1561 10205
1562 15791
1563 9703
1564 5867
1565 13476
1566 2152
1567 8750
1568 8585
1569 3929
1570 583
1571 11858
1572 19449
1573 16112
1574 17010
1575 8938
1576 19414
1577 19634
1578 18583
1579 9787
1580 13447
1581 13529
1582 15759
1583 19668
1584 18844
1585 12177
1586 15753
1587 1598
1588 9778
1589 4397
1590 3459
1591 1479
1592 16405
1593 19984
1594 12673
1595 18583
1596 7737
1597 8249
1598 15388
1599 4359
1600 16876
1601 2537
1602 17448
1603 18871
1604 10889
1605 6641
1606 16196
1607 202
1608 9796
1609 1761
1610 17546
1611 11466
1612 18835
1613 13380
1614 982
1615 65
1616 12577
1617 16914
1618 11898
1619 7009
1620 726
1621 7476
1622 1282
1623 12803
1624 16141
1625 2778
1626 6934
1627 15376
1628 3510
1629 9791
1630 2990
1631 19334
1632 2263
1633 8139
1634 12286
1635 7555
1636 6413
1637 15688
1638 1300
1639 8487
1640 17520
1641 15367
1642 4411
1643 19254
1644 6550
1645 8356
1646 8102
1647 4007
1648 6322
1649 2283
1650 8639
1651 11125
1652 9557
1653 19246
1654 5809
1655 13352
1656 15779
1657 17106
1658 15590
1659 9278
1660 18325
1661 18940
1662 6219
1663 12471
1664 13088
1665 14318
1666 14380
1667 19817
1668 10378
1669 12444
1670 3423
1671 18565
1672 14197
1673 7750
1674 3470
1675 14417
1676 12436
1677 3603
1678 5397
1679 17850
1680 11366
1681 10923
1682 8988
1683 9331
1684 10932
1685 5106
1686 19736
1687 4388
1688 4974
1689 6046
1690 18435
1691 3389
1692 5346
1693 9031
1694 8071
1695 16555
1696 5214
1697 1369
1698 19967
1699 19322
1700 11425
1701 12714
1702 2458
1703 7945
1704 16345
1705 4016
1706 16181
1707 3215
1708 5243
1709 6477
1710 17120
1711 15129
1712 17318
1713 10726
1714 5806
1715 14136
1716 10050
1717 2596
1718 2905
1719 18182
1720 15355
1721 4345
1722 2323
1723 8082
1724 4435
1725 2890
1726 9644
1727 8832
1728 17007
1729 941
1730 12930
1731 1122
1732 799
1733 778
1734 6868
1735 1810
1736 17290
1737 9748
1738 6487
1739 19674
1740 16784
1741 4476
1742 17265
1743 18476
1744 13935
1745 3
1746 7783
1747 1190
1748 2945
1749 18705
1750 5921
1751 10554
1752 6163
1753 15660
1754 14250
1755 2243
1756 1019
1757 12574
1758 697
1759 11927
1760 1495
1761 10380
1762 14533
1763 3984
1764 18065
1765 4052
1766 4119
1767 1766
1768 19540
1769 17723
1770 7454
1771 8323
1772 77
1773 18280
1774 18355
1775 5011
1776 2854
1777 8032
1778 15344
1779 18351
1780 1251
1781 1185
1782 13059
1783 17473
1784 13354
1785 8499
1786 5690
1787 2319
1788 17052
1789 8483
1790 19793
1791 8609
1792 17572
1793 13780
1794 13563
1795 9083
1796 334
1797 7317
1798 2125
1799 15055
1800 5339
1801 6921
1802 2660
1803 17574
1804 12515
1805 7174
1806 9181
1807 8942
1808 9926
1809 15538
1810 823
1811 18709
1812 11130
1813 7123
1814 18333
1815 1892
1816 12709
1817 16889
1818 13239
1819 13694
1820 3947
1821 6865
1822 201
1823 9991
1824 6786
1825 16590
1826 5255
1827 15696
1828 3150
1829 17989
1830 6139
1831 18783
1832 1602
1833 8492
1834 750
1835 10036
1836 945
1837 18933
1838 13120
1839 5244
1840 8083
1841 12876
1842 15156
1843 10173
1844 13676
1845 1946
1846 16614
1847 19254
1848 10650
1849 1421
1850 14101
1851 16311
1852 7654
1853 9932
1854 8278
1855 15247
1856 11927
1857 16826
1858 4546
1859 4127
1860 6997
1861 16177
1862 16442
1863 259
1864 18489
1865 19216
1866 2461
1867 15453
1868 12930
1869 6637
1870 11752
1871 10159
1872 16415
1873 8721
1874 10841
1875 9073
1876 18353
1877 2694
1878 18667
1879 4827
1880 2575
1881 7421
1882 9898
1883 1692
1884 14442
1885 6567
1886 10690
1887 11557
1888 19005
1889 18537
1890 1954
1891 7696
1892 5644
1893 16627
1894 8086
1895 8062
1896 14700
1897 2680
1898 10036
1899 7562
1900 11380
1901 17200
1902 12627
1903 6786
1904 2686
1905 3498
1906 2784
1907 15436
1908 11120
1909 18814
1910 8334
1911 3757
1912 10680
1913 9362
1914 2616
1915 17945
1916 6945
1917 1
1918 19100
1919 16945
1920 14789
1921 19735
1922 10593
1923 3511
1924 8108
1925 3741
1926 3632
1927 2656
1928 3865
1929 767
1930 15621
1931 8458
1932 7555
1933 11758
1934 9337
1935 17314
1936 10120
1937 10239
1938 13727
1939 4696
1940 19838
1941 3801
1942 14890
1943 14970
1944 9953
1945 9383
1946 15580
1947 11433
1948 16979
1949 16373
1950 14495
1951 1913
1952 5077
1953 19624
1954 17614
1955 10335
1956 18316
1957 14196
1958 14513
1959 2251
1960 1755
1961 2588
1962 2499
1963 5989
1964 16667
1965 15817
1966 8745
1967 10064
1968 12023
1969 14391
1970 11958
1971 18555
1972 8508
1973 18331
1974 9910
1975 13434
1976 14900
1977 18542
1978 17060
1979 8873
1980 2900
1981 12771
1982 1380
1983 11045
1984 9942
1985 11626
1986 10435
1987 14794
1988 1188
1989 10699
1990 7464
1991 6540
1992 13821
1993 7321
1994 5685
1995 16160
1996 15137
1997 12513
1998 18022
1999 2262
